152
154
156
158
410
411
412
414
415
419
420
421
423
424
426
427
428
429
430
433
434
435
436
437
466
467
468
469
470
471
472
480
481
482
483
484
485
486
494
495
497
498
499
501
502
503
505
506
507
510
511
512
514
515
518
519
520
521
1431
1433
1434
1435
1436
1437
1438
1440
1442
1443
1444
1445
1446
1447
1448
1450
1451
1452
1453
1454
1455
1456
1457
1458
1459
1460
1461
1462
1464
1465
1467
1468
1469
1470
1472
1473
1475
1476
1477
1478
1481
1482
1483
1487
1489
1490
1491
1492
1493
1494
1495
1496
1497
1499
1500
1501
1502
1507
1508
1509
1510
1511
1512
1513
1514
1515
1517
1518
1519
1520
1521
1522
1523
1524
1525
1526
1527
1528
1529
1530
1532
1533
1534
1535
1536
1537
1538
1539
1540
1541
1542
1543
1544
1545
1546
1547
1548
1549
1550
1551
1552
1553
1554
1555
1556
1557
1558
1559
1560
1561
1562
1563
1564
1565
1567
1568
1570
1571
1572
1573
1575
1576
1577
1579
1580
1581
1582
1584
1585
1586
1588
1590
1591
1592
1594
1595
1598
1599
1600
1601
1602
1603
1604
1606
1607
1608
1609
1610
1611
1613
1614
1615
1616
1617
1620
1621
1622
1623
1624
1625
1626
1627
1628
1629
1630
1631
1632
1633
1634
1635
1636
1637
1638
1639
1641
1643
1645
1646
1647
1648
1650
1653
1656
1657
1661
1663
1664
1665
1666
1667
1668
1669
1673
1675
1677
