118 1
13
38
83
90
169
292
374
376
377
392
411
450
474
500
515
568
581
600
720
745
746
749
763
824
856
924
961
976
987
1230
1232
1577
1608
1704
1772
1909
1912
1977
2005
2047
2193
2234
2247
2275
2302
2440
2639
2739
2977
3055
3216
3320
3411
3466
3659
3680
3735
3763
3869
3891
3952
4008
4075
4148
4165
4381
4487
4703
4751
4789
4841
4845
4940
5113
5201
5514
5581
5644
5645
5869
5872
5912
5932
5933
6055
6088
6171
6193
6203
6321
6477
6671
6674
6795
6993
7004
7055
7115
7124
7242
7274
7312
7362
7400
7444
7480
7763
7938
7968
7976
7992
8143
8177
8206
8228
8263
8344
8421
