0
5
7
8
10
11
13
15
16
22
25
26
27
31
32
38
39
41
43
44
47
50
52
53
54
55
57
58
61
62
70
71
72
73
76
77
85
86
87
100
110
154
159
160
161
162
163
164
178
179
198
199
213
247
249
252
253
255
257
258
261
262
282
297
304
306
327
336
337
366
372
375
376
391
396
397
402
403
405
424
480
481
485
504
522
550
552
554
573
574
575
578
579
581
597
599
602
603
604
607
608
609
610
611
612
685
686
687
688
689
690
691
693
698
699
700
701
702
703
704
705
708
714
732
733
746
747
748
753
768
769
779
780
781
796
797
798
799
800
810
813
817
826
829
830
831
832
833
842
844
846
847
848
859
865
867
868
869
870
874
885
887
897
908
954
964
1021
1023
1024
1046
1047
1103
1137
1139
1186
1196
1202
1216
1218
1223
1245
1254
1267
1325
1334
1337
1338
1339
1350
1369
1371
1372
1377
1396
1423
1449
1450
1452
1454
1455
1456
1457
1464
1467
1472
1492
1502
1521
1527
1528
1537
1539
1543
1547
1549
1550
1551
1552
1555
1556
1569
1598
1601
1605
1614
1615
1621
1622
1664
1666
1681
1682
1704
1708
1718
1730
1733
1734
1735
1736
1737
1738
1746
1747
1775
1794
1797
1801
1805
1808
1865
1889
1919
1968
1979
1992
2014
2073
2134
2142
2170
2178
2213
2215
2227
2230
2245
2246
2250
2251
2252
2254
2256
2257
2259
2262
2263
2266
2267
2268
2270
2273
2276
2279
2297
2335
2341
2342
2396
2399
2432
2435
2436
2438
2450
2454
2476
2478
2480
2481
2486
2487
2489
2490
2491
2492
2493
2496
2500
2501
2502
2503
2507
2508
2510
2511
2512
2513
2515
2517
2519
2520
2521
2522
2525
2528
2534
2535
2537
2538
2539
2541
2554
2561
2571
2573
2580
2586
2587
2591
2594
2602
