568 1
   1.63226
   0.00000
   1.03586
   1.02758
   3.31895
   0.00000
   1.00234
   1.02018
   0.00000
   0.00000
   6.64256
   0.00000
   0.00000
   0.00000
   0.00000
   0.00000
   1.15263
   0.00000
   0.00000
   6.36116
   0.00000
   0.00000
   0.00000
   0.00000
   0.00000
   0.00000
   6.03129
   0.00000
   0.00000
   0.00000
   0.00000
   2.81972
   0.00000
   0.00000
   5.65379
   0.00000
   0.00000
   0.00000
   0.00000
   0.00000
   1.38527
   0.00000
   4.17979
   0.00000
   0.00000
   0.00000
   4.97678
   0.00000
   0.00000
   0.00000
   0.00000
   0.00000
   0.00000
   0.00000
   3.09605
   0.00000
   0.00000
   0.00000
   1.93617
   0.00000
   1.02976
   1.85521
   0.00000
   0.90954
   0.00000
   0.98934
   0.00000
   2.24814
   0.00000
   0.50289
   3.08773
   2.14462
   0.00000
   2.85859
   0.00000
   0.00000
   0.94803
   1.52127
   0.90394
   0.84848
   0.84671
   0.00000
   0.84981
   1.50038
   1.17021
   1.94415
   1.19669
   0.88145
   0.78312
   1.32613
   1.29875
   0.00000
   0.00000
   0.00000
   0.00000
   2.64968
   0.00000
   3.93969
   0.00000
   0.00000
   0.00000
   0.00000
   0.00000
   5.89632
   0.00000
   0.00000
   0.00000
   0.00000
   3.83707
   0.00000
   0.00000
   4.25817
   0.00000
   4.77496
   0.00000
   0.00000
   0.00000
   0.00000
   0.00000
   0.00000
   0.00000
   0.00000
   3.22019
   0.00000
   4.14492
   0.00000
   0.00000
   0.00000
   0.00000
   0.00000
   5.77676
   0.00000
   0.00000
   0.00000
   0.00000
   0.00000
   0.00000
   0.00000
   0.00000
   5.25684
   0.00000
   3.25535
   1.77091
   0.00000
   0.00000
   6.47404
   0.00000
   0.00000
   0.00000
   0.00000
   0.00000
   2.42798
   0.00000
   0.00000
   0.00000
   0.00000
   0.00000
   0.00000
   0.00000
   0.00000
   0.00000
   0.00000
   0.00000
   0.00000
   0.00000
   0.00000
   0.00000
   0.00000
   0.00000
   0.00000
   5.96707
   0.00000
   0.00000
   0.00000
   0.00000
   0.00000
   0.00000
   0.00000
   0.00000
   0.00000
   0.00000
   0.00000
   0.00000
  10.25604
   0.00000
   0.00000
   0.00000
   0.00000
   0.00000
   0.00000
   0.00000
   2.96455
   0.00000
   3.77068
   0.00000
   3.76955
   3.12643
   0.00000
   0.00000
   0.00000
   7.63604
   0.00000
   0.00000
   0.00000
   0.00000
   0.00000
   0.00000
   0.00000
   0.00000
   2.76112
   0.00000
   0.00000
   0.00000
   0.00000
   1.13463
   1.68053
   5.58069
   0.00000
   0.00000
   2.28544
   0.00000
   0.00000
   0.00000
   0.00000
   0.00000
   0.81211
   0.35356
   0.61114
   0.00000
   0.98383
   2.80019
   1.79650
   3.60073
   0.00000
   0.00000
   1.92227
   0.00000
   0.00000
   0.00000
   0.00000
   4.55362
   0.00000
   0.00000
   3.60147
   0.00000
   6.52522
   0.00000
   0.00000
   0.00000
   0.00000
   0.00000
   0.00000
   3.31109
   0.00000
   0.00000
   3.89574
   0.00000
   0.00000
   0.00000
   2.57717
   0.00000
   0.00000
   0.00000
   0.00000
   0.00000
   0.00000
   0.00000
   7.97204
   0.00000
   3.83867
   0.00000
   0.00000
   0.00000
   0.00000
   0.00000
   0.00000
   0.00000
   0.00000
  10.22682
   0.00000
   0.00000
   0.00000
   0.00000
   0.00000
   9.70458
   0.00000
  10.72592
   0.00000
   0.00000
   0.00000
   0.00000
   0.00000
   0.00000
   0.00000
   5.48845
   0.00000
   0.00000
   0.00000
   0.00000
   0.00000
   0.00000
   5.94810
   0.00000
   0.00000
   0.00000
   0.00000
  11.58077
   0.00000
   0.00000
   0.00000
   0.00000
   0.00000
   0.00000
   0.00000
   0.00000
   0.00000
   0.00000
   0.00000
   0.00000
   0.00000
   4.97489
   0.00000
   0.00000
   0.00000
   0.00000
   4.67880
   0.00000
   0.00000
   0.00000
   7.58103
   0.00000
   0.00000
   1.87420
   0.00000
   2.97703
   0.00000
   0.00000
   0.00000
   0.00000
   0.00000
   0.00000
   0.00000
   7.58284
   5.15934
   0.00000
   0.00000
   6.25645
   0.00000
   0.00000
   0.00000
   3.87817
   0.00000
   0.00000
   0.00000
   0.00000
   0.00000
   3.09684
   0.00000
   6.98132
   3.48552
   0.00000
   0.00000
   0.00000
   0.00000
   0.00000
   0.00000
   0.00000
   0.00000
   0.00000
   0.00000
   0.00000
   0.00000
   0.00000
   0.00000
   0.00000
   0.00000
   0.00000
   0.00000
   0.00000
   8.48826
   0.00000
   0.00000
   0.00000
   3.27943
   5.33443
   2.18969
   0.00000
   0.00000
   0.00000
   0.00000
   0.00000
   0.00000
   0.00000
   8.68419
   4.99544
   0.00000
   0.00000
   0.00000
   0.00000
   0.00000
   0.00000
   0.00000
   0.00000
   0.00000
   0.00000
   0.00000
   0.00000
   0.00000
   0.00000
   0.00000
   0.00000
   6.82236
   2.42572
   0.00000
   0.00000
   0.00000
   0.00000
   0.00000
   0.00000
   0.00000
   0.00000
   0.00000
   0.00000
   0.00000
   0.00000
   0.00000
   0.00000
   0.00000
   0.00000
   9.75366
   0.00000
   0.00000
   0.00000
   6.13671
   0.00000
  12.68893
   0.00000
   0.00000
   0.00000
   0.00000
   0.00000
   5.11101
   3.77821
   0.00000
   1.49267
   1.87128
   5.04100
   0.00000
   0.00000
   0.00000
   1.86433
   0.00000
   0.00000
   0.00000
   0.00000
   0.00000
   0.00000
   2.37107
   0.00000
   3.84009
   0.00000
   0.00000
   0.00000
   1.94626
   1.51015
   2.75165
   0.00000
   2.14755
   0.00000
   0.00000
   0.00000
   0.00000
   0.00000
   1.96980
   0.53015
   0.00000
   0.00000
   0.00000
   3.70213
   0.00000
   0.00000
   0.00000
   0.85564
   1.32737
   1.55553
   0.79756
   1.30877
   5.72528
   0.00000
   8.10378
   0.00000
   0.00000
   0.00000
   0.00000
   0.00000
   7.25392
   0.00000
   0.00000
   0.00000
   0.00000
   0.00000
   8.09348
   0.00000
   0.00000
   0.00000
   0.00000
   0.00000
   0.00000
   0.00000
   0.00000
   0.00000
   4.96050
   0.00000
   0.00000
   0.00000
   0.00000
   0.00000
   6.92522
   0.00000
   0.00000
   0.00000
   0.00000
   0.00000
   8.32636
   0.00000
   0.00000
   0.00000
   0.00000
   0.00000
   0.00000
   0.00000
   0.00000
   3.82057
   0.00000
   7.47282
   6.58033
   0.00000
   0.00000
   0.00000
   0.00000
   0.00000
   0.00000
   0.00000
   0.00000
   0.00000
   0.00000
   0.00000
   0.00000
   0.00000
   0.00000
   0.00000
   0.00000
   5.21967
   0.00000
   0.00000
   0.00000
   0.00000
   0.00000
   0.00000
   0.00000
   0.00000
   0.00000
   0.00000
   0.00000
   0.00000
   0.00000
   0.00000
   0.00000
