0
5
7
8
10
11
13
15
16
22
25
26
27
31
32
38
39
41
43
44
47
50
52
53
54
55
57
58
61
62
70
71
72
73
76
77
85
86
87
100
110
152
154
156
158
159
160
161
162
163
164
178
179
198
199
213
247
249
252
253
255
257
258
261
262
282
297
304
306
327
336
337
366
372
375
376
391
396
397
402
403
405
410
411
412
414
415
419
420
421
423
424
426
427
428
429
430
433
434
435
436
437
466
467
468
469
470
471
472
480
481
482
483
484
485
486
494
495
497
498
499
501
502
503
504
505
506
507
510
511
512
514
515
518
519
520
521
522
550
552
554
573
574
575
578
579
581
597
599
602
603
604
607
608
609
610
611
612
685
686
687
688
689
690
691
693
698
699
700
701
702
703
704
705
708
714
732
733
746
747
748
753
768
769
779
780
781
796
797
798
799
800
810
813
817
826
829
830
831
832
833
842
844
846
847
848
859
865
867
868
869
870
874
885
887
897
908
954
964
1021
1023
1024
1046
1047
1103
1137
1139
1186
1196
1202
1216
1218
1223
1245
1254
1267
1325
1334
1337
1338
1339
1350
1369
1371
1372
1377
1396
1423
1431
1433
1434
1435
1436
1437
1438
1440
1442
1443
1444
1445
1446
1447
1448
1449
1450
1451
1452
1453
1454
1455
1456
1457
1458
1459
1460
1461
1462
1464
1465
1467
1468
1469
1470
1472
1473
1475
1476
1477
1478
1481
1482
1483
1487
1489
1490
1491
1492
1493
1494
1495
1496
1497
1499
1500
1501
1502
1507
1508
1509
1510
1511
1512
1513
1514
1515
1517
1518
1519
1520
1521
1522
1523
1524
1525
1526
1527
1528
1529
1530
1532
1533
1534
1535
1536
1537
1538
1539
1540
1541
1542
1543
1544
1545
1546
1547
1548
1549
1550
1551
1552
1553
1554
1555
1556
1557
1558
1559
1560
1561
1562
1563
1564
1565
1567
1568
1569
1570
1571
1572
1573
1575
1576
1577
1579
1580
1581
1582
1584
1585
1586
1588
1590
1591
1592
1594
1595
1598
1599
1600
1601
1602
1603
1604
1605
1606
1607
1608
1609
1610
1611
1613
1614
1615
1616
1617
1620
1621
1622
1623
1624
1625
1626
1627
1628
1629
1630
1631
1632
1633
1634
1635
1636
1637
1638
1639
1641
1643
1645
1646
1647
1648
1650
1653
1656
1657
1661
1663
1664
1665
1666
1667
1668
1669
1673
1675
1677
1681
1682
1704
1708
1718
1730
1733
1734
1735
1736
1737
1738
1746
1747
1775
1794
1797
1801
1805
1808
1865
1889
1919
1968
1979
1992
2014
2073
2134
2142
2170
2178
2213
2215
2227
2230
2245
2246
2250
2251
2252
2254
2256
2257
2259
2262
2263
2266
2267
2268
2270
2273
2276
2279
2297
2335
2341
2342
2396
2399
2432
2435
2436
2438
2450
2454
2476
2478
2480
2481
2486
2487
2489
2490
2491
2492
2493
2496
2500
2501
2502
2503
2507
2508
2510
2511
2512
2513
2515
2517
2519
2520
2521
2522
2525
2528
2534
2535
2537
2538
2539
2541
2554
2561
2571
2573
2580
2586
2587
2591
2594
2602
