142 1
0
2
3
4
6
7
10
16
19
26
31
34
40
42
46
54
58
60
61
63
65
67
69
70
71
73
76
77
78
79
80
82
83
84
85
86
87
88
89
90
95
97
103
108
111
113
122
124
130
139
141
142
145
151
170
183
191
193
195
196
200
209
214
215
216
219
225
226
227
229
230
231
232
235
240
243
245
252
255
259
267
269
278
284
286
294
301
306
320
325
329
332
334
342
343
346
350
356
358
359
379
383
384
385
393
394
411
412
429
433
435
441
442
444
445
446
450
457
459
463
464
465
467
473
474
478
482
483
484
485
486
487
489
495
501
511
517
523
532
534
535
552
